454	608
454	723
454	283
454	70
454	270
454	337
454	199
454	58
608	566
608	347
608	473
608	328
608	536
608	817
608	460
608	290
608	464
608	769
608	702
608	310
608	23
723	938
723	10
723	297
723	218
723	714
723	430
723	574
723	261
723	155
723	625
283	236
283	291
283	593
283	68
283	462
283	373
283	555
70	249
70	838
70	437
70	695
70	852
70	18
70	147
70	994
70	936
270	844
270	902
270	526
270	410
270	332
270	780
270	833
270	221
270	935
270	749
270	208
270	732
270	48
337	792
337	648
337	800
337	485
337	187
337	780
337	808
337	152
337	502
337	442
337	913
337	795
337	37
337	570
337	92
337	579
337	640
337	246
337	600
337	922
337	491
337	257
566	247
566	724
566	645
566	395
566	304
566	603
566	663
566	439
566	371
566	968
566	312
566	493
347	278
347	487
347	745
347	452
347	882
347	207
347	544
347	669
347	264
347	719
347	575
347	329
347	787
347	20
473	440
473	790
473	310
473	733
473	161
473	150
473	582
473	871
473	390
473	946
473	15
473	678
473	484
473	37
328	41
328	129
328	922
328	223
328	90
328	761
328	682
328	20
328	325
328	988
328	520
328	742
328	822
328	330
328	954
328	192
328	43
328	248
328	159
536	762
536	344
536	779
536	10
536	153
536	593
536	330
817	397
817	956
817	784
817	746
817	438
938	827
938	689
938	145
938	125
938	517
938	874
938	889
938	71
10	745
10	838
10	148
10	665
10	765
297	294
297	190
297	849
297	962
297	659
297	878
297	779
297	665
236	295
236	313
236	902
236	935
236	785
236	756
236	348
236	710
236	153
236	26
236	555
236	351
236	911
236	122
236	150
236	834
291	412
291	41
291	246
291	45
291	296
291	744
291	832
291	605
291	486
291	361
291	878
291	542
291	791
249	833
249	381
249	698
249	41
249	709
249	278
249	927
249	781
249	593
249	120
249	309
249	386
249	312
249	989
249	482
249	969
249	89
249	19
249	403
249	815
249	758
249	430
249	537
838	670
838	676
838	276
838	164
838	20
838	697
838	79
838	220
437	411
437	359
437	772
437	258
437	252
437	107
437	624
437	280
437	360
437	847
437	673
437	114
437	610
437	324
437	74
437	711
695	397
695	901
695	371
695	727
695	298
695	955
695	557
852	507
852	698
852	970
852	353
852	995
852	574
852	17
852	142
18	129
18	880
18	699
18	42
18	769
18	452
18	650
18	221
18	101
18	179
18	89
18	212
147	632
147	568
147	888
994	365
994	446
994	211
994	403
994	740
994	176
994	47
994	455
994	952
844	809
844	841
844	372
844	341
844	740
844	929
844	452
844	442
844	619
844	899
844	287
902	314
902	388
902	854
902	617
902	742
902	233
902	284
902	374
902	929
902	883
902	529
902	541
902	826
526	37
526	284
526	444
526	701
526	847
526	725
410	930
410	101
410	14
410	161
410	312
410	654
332	436
332	103
332	211
332	405
332	540
780	17
780	487
780	936
780	854
780	686
780	37
780	372
780	993
780	918
780	511
780	634
780	966
780	309
780	179
780	557
780	317
780	837
780	637
780	340
833	261
833	151
833	65
833	569
833	955
833	102
833	381
833	599
833	700
833	619
833	157
833	37
833	459
833	188
833	931
833	841
833	159
833	387
833	524
833	919
833	666
833	706
833	485
833	870
833	834
833	107
833	655
833	558
833	574
833	237
833	245
833	486
833	845
833	251
833	60
221	489
221	256
221	782
221	112
221	653
221	969
221	657
935	487
935	167
935	506
935	425
935	342
935	564
792	359
792	591
792	569
792	784
648	899
648	66
648	130
648	108
648	274
648	368
648	52
800	897
800	172
800	289
800	804
800	593
800	681
800	127
800	654
800	309
800	664
800	668
800	274
485	487
485	13
485	223
485	957
485	110
485	169
485	477
485	972
485	319
485	924
485	657
485	132
485	463
187	65
187	17
187	242
187	6
187	594
187	809
187	978
187	653
187	645
187	820
187	80
187	86
187	772
187	31
187	13
187	813
187	311
187	924
187	756
187	435
187	778
187	117
187	373
808	713
808	372
808	96
808	588
808	654
808	306
808	244
808	128
808	692
152	579
152	413
152	245
152	494
152	950
502	102
502	581
502	714
502	549
502	497
502	39
502	858
442	220
442	379
442	587
442	217
442	445
442	772
442	161
913	955
913	37
913	960
913	295
913	100
913	776
913	535
913	786
913	308
795	284
795	887
795	643
795	293
795	103
795	416
795	300
37	801
37	90
37	207
37	880
37	160
37	619
37	698
37	767
37	702
37	157
37	142
37	887
37	922
37	676
37	668
37	985
37	463
37	531
37	832
37	851
37	520
37	346
37	765
37	464
37	367
37	794
37	774
37	708
37	459
37	378
570	627
570	160
570	302
570	952
92	579
92	227
92	983
92	222
92	908
579	350
579	90
579	814
579	619
579	859
579	289
579	428
579	364
579	764
579	533
579	968
579	918
579	179
579	244
579	828
579	890
579	105
579	589
579	269
579	637
579	183
579	83
579	561
579	259
579	668
579	427
579	171
579	872
640	699
640	428
640	906
640	22
246	397
246	14
246	901
246	991
246	178
246	319
246	499
246	513
600	292
600	360
600	803
600	881
600	464
600	453
600	462
600	746
600	101
600	954
600	918
600	801
600	683
247	17
247	930
247	854
247	240
247	429
247	222
247	869
247	319
247	348
247	511
247	974
247	364
247	209
247	407
247	630
247	478
247	944
247	114
247	705
247	259
247	403
247	382
247	900
247	110
724	930
724	587
724	224
724	781
724	667
724	2
724	602
724	685
724	375
724	549
724	691
724	509
724	830
724	672
724	455
724	273
724	34
724	528
724	316
724	189
724	592
724	11
724	676
724	141
645	381
645	683
645	41
645	293
645	384
645	831
645	574
645	973
645	849
645	609
645	217
645	312
645	618
645	875
645	746
395	330
395	294
395	164
395	652
395	117
395	220
395	610
395	333
395	86
395	766
304	807
304	790
304	121
304	671
304	607
304	604
304	915
304	164
304	464
603	991
603	979
603	179
603	998
603	462
603	718
603	428
278	294
278	810
278	63
278	548
278	429
278	342
278	686
278	715
278	727
278	386
278	95
487	694
487	569
487	381
487	177
487	719
487	266
487	174
487	522
487	561
487	772
487	163
487	741
487	425
487	232
487	396
487	467
487	3
487	624
487	861
487	947
487	466
487	607
487	869
745	330
745	696
745	813
745	842
745	542
745	290
745	705
745	578
745	970
745	102
745	534
452	560
452	149
452	143
452	728
452	59
452	156
452	980
452	849
452	660
452	99
452	840
452	372
452	136
452	101
882	930
882	130
882	711
882	863
882	254
882	158
882	739
882	562
882	533
882	534
882	726
882	742
882	936
882	982
207	694
207	831
207	966
207	641
207	908
207	160
207	735
207	156
207	491
544	619
544	658
544	170
544	486
544	587
544	748
544	552
544	461
544	498
544	576
544	510
544	36
669	887
669	646
669	233
669	752
669	129
669	32
669	155
669	941
669	677
669	742
669	943
440	507
440	564
440	635
440	416
440	763
440	446
440	751
440	381
440	432
440	827
440	41
440	883
440	922
440	826
440	625
440	914
440	197
440	341
440	768
440	949
440	615
440	361
440	384
440	455
440	537
440	413
440	516
440	549
440	309
440	627
440	804
440	653
440	496
440	119
790	146
790	412
790	41
790	999
790	885
790	806
790	21
790	538
310	359
310	635
310	532
310	496
310	968
310	549
310	946
310	789
733	11
733	772
733	24
733	195
161	507
161	397
161	200
161	731
161	582
161	955
161	741
150	934
150	925
150	382
150	176
150	708
150	983
150	591
150	926
582	295
582	736
582	684
582	243
582	556
582	189
871	388
871	546
871	551
871	693
871	280
871	338
871	634
871	430
871	786
390	858
390	930
390	818
390	380
390	93
390	456
946	14
946	978
946	229
946	477
946	650
946	840
946	333
946	630
946	534
946	385
946	259
41	295
41	903
41	619
41	277
41	769
41	418
41	289
41	707
41	108
41	901
41	329
41	125
41	165
41	136
129	474
129	801
129	738
129	165
129	690
129	755
129	922
129	397
129	191
129	371
129	531
129	208
129	689
129	354
129	515
129	562
129	949
129	677
129	348
129	799
129	14
922	357
922	801
922	323
922	814
922	836
922	594
922	977
922	966
922	25
922	141
922	572
922	797
922	513
922	380
922	552
922	355
223	397
223	712
223	552
223	862
90	507
90	563
90	569
90	399
90	676
90	584
90	918
90	313
90	635
90	309
90	179
90	499
90	984
90	268
90	515
90	476
90	514
90	322
90	453
90	168
90	58
90	521
90	472
90	949
90	189
761	772
761	263
682	924
682	890
682	117
682	560
682	821
682	583
20	111
20	4
20	358
20	241
20	274
20	904
325	906
325	760
325	972
325	316
325	382
325	169
325	64
988	134
988	996
988	893
988	281
988	119
988	524
988	516
988	268
520	898
520	441
520	697
762	474
762	686
762	417
762	453
762	169
344	251
344	132
344	774
344	377
344	622
344	466
344	9
344	581
779	647
779	571
779	281
779	716
153	202
153	573
153	87
153	340
153	742
593	676
593	479
593	73
593	271
593	79
593	977
593	57
593	701
593	628
593	908
593	876
593	705
397	801
397	295
397	17
397	146
397	149
397	298
397	569
397	470
397	621
397	597
397	185
397	734
397	155
397	172
397	432
397	772
397	952
397	382
397	405
397	169
397	322
397	509
397	384
397	107
956	869
956	818
956	599
956	312
956	774
956	50
956	319
827	569
827	171
827	121
827	324
827	517
827	284
827	778
827	326
827	286
689	172
689	704
689	932
689	2
689	402
689	675
689	360
689	122
689	741
145	714
145	463
145	943
145	658
294	971
294	284
294	588
294	539
294	338
294	966
294	251
294	8
294	818
294	556
294	658
294	977
294	141
294	500
294	787
294	409
294	259
294	970
294	865
294	997
294	729
294	317
294	100
294	122
294	225
294	784
294	728
294	104
294	495
294	124
294	599
295	507
295	694
295	355
295	491
295	547
295	380
295	523
295	759
295	89
295	438
295	156
295	420
295	398
313	569
313	175
313	86
313	108
313	423
313	266
313	285
313	58
313	973
313	725
313	715
313	711
785	690
785	591
785	471
785	766
785	594
785	213
785	674
785	237
756	601
756	625
756	607
756	99
756	69
756	872
756	47
348	137
348	314
348	387
348	602
348	386
348	474
348	641
348	398
710	16
710	229
710	447
710	883
710	170
412	61
412	225
412	569
412	497
412	29
412	550
412	450
412	396
412	875
412	698
412	87
412	809
412	138
412	893
412	471
45	587
45	373
45	930
45	349
45	413
45	658
45	876
45	445
45	312
45	58
45	705
45	859
45	165
296	481
296	644
296	670
296	368
296	7
744	17
744	6
744	177
744	479
744	856
744	677
832	288
832	589
832	156
832	558
832	873
832	489
832	837
832	181
832	210
832	82
605	459
605	957
605	58
486	330
486	565
486	379
486	336
361	900
361	683
361	443
361	478
361	216
361	63
361	51
361	322
361	895
361	5
361	114
361	72
361	47
361	664
878	966
878	555
878	569
878	352
878	168
878	441
878	91
878	238
381	151
381	930
381	569
381	975
381	423
381	657
381	213
381	978
381	195
381	915
381	670
381	676
381	241
381	367
381	251
381	210
381	240
381	918
381	525
381	67
381	93
698	65
698	411
698	59
698	606
698	915
698	314
698	17
698	569
698	255
698	209
698	610
698	631
698	444
698	459
698	109
698	469
698	805
698	857
698	567
698	558
698	797
698	78
698	51
698	953
698	675
698	88
698	196
698	706
698	772
698	995
698	476
698	904
698	831
698	923
698	843
698	747
698	876
709	564
709	14
709	495
709	312
709	770
709	434
709	97
709	258
709	961
927	955
927	330
927	341
927	635
927	217
927	675
927	111
927	76
927	851
927	533
781	587
781	399
781	317
781	138
781	47
781	345
781	354
781	949
781	63
781	44
781	619
120	700
120	159
120	470
120	764
120	989
120	183
309	323
309	814
309	67
309	660
309	967
309	409
309	516
309	243
309	673
386	674
386	205
386	898
386	881
312	962
312	524
312	914
312	782
312	651
312	931
312	880
312	480
312	987
312	47
312	345
312	180
989	514
989	703
989	44
989	668
989	816
989	234
989	327
989	350
989	105
482	949
482	896
482	165
482	950
482	267
482	19
482	356
482	668
482	939
969	560
969	654
969	438
969	490
89	293
89	424
89	357
89	219
89	371
89	892
89	239
19	133
19	771
19	839
670	973
670	892
670	75
670	905
676	814
676	388
676	763
676	751
676	601
676	468
676	681
676	877
676	504
676	275
676	12
676	806
676	365
676	893
276	930
276	468
276	748
276	411
276	589
276	483
276	68
411	474
411	357
411	569
411	783
411	157
411	316
411	186
411	854
411	732
411	374
411	385
411	840
411	642
411	244
411	373
411	784
411	401
411	214
411	31
359	814
359	7
359	880
359	17
359	930
359	635
359	355
359	491
359	225
359	564
359	861
359	104
359	627
359	160
359	939
359	365
359	135
359	752
359	434
359	416
359	146
359	162
359	604
359	763
359	93
359	290
359	787
772	565
772	36
772	392
772	806
772	638
772	402
772	793
772	646
772	941
258	814
258	119
258	928
258	735
258	980
258	67
258	12
258	672
258	177
252	314
252	511
252	290
252	592
252	173
252	334
252	79
252	759
252	206
252	586
107	377
107	737
107	906
107	975
107	798
107	469
624	446
624	38
624	445
624	260
624	637
624	573
280	405
280	519
280	126
280	376
280	870
360	707
360	219
360	702
360	267
847	171
847	866
847	82
847	619
847	742
847	331
847	547
847	948
901	200
901	238
901	509
901	316
901	667
507	474
507	560
507	930
507	376
507	430
507	391
507	318
507	617
507	302
507	814
507	13
507	955
507	891
507	983
507	980
507	547
507	443
507	427
507	991
507	830
507	370
507	132
507	812
507	731
507	403
507	806
507	151
507	407
880	65
880	560
880	783
880	683
880	446
880	656
880	562
880	949
880	342
880	263
880	237
880	688
880	50
880	256
880	146
880	578
880	739
880	326
880	318
699	102
699	555
699	917
699	558
699	301
42	492
42	866
42	873
42	443
42	357
42	6
42	211
769	11
769	642
769	67
769	561
769	374
769	230
769	130
769	515
650	491
650	993
650	848
650	868
650	789
650	692
650	81
650	373
650	114
632	391
632	231
632	633
632	307
365	363
365	192
365	465
365	118
365	436
365	907
365	407
446	886
446	492
446	686
446	116
446	175
446	180
446	170
446	738
446	755
446	354
446	939
446	864
446	888
446	859
446	892
446	937
446	658
446	727
446	981
446	731
446	712
446	767
446	963
446	734
446	195
446	601
446	626
446	380
446	978
446	910
446	977
446	889
446	403
446	436
446	319
446	747
446	968
446	841
446	429
446	789
446	796
211	656
211	999
211	47
211	257
211	926
211	357
211	402
211	835
211	428
403	73
403	804
403	998
403	581
740	355
740	626
740	786
740	508
740	990
740	944
740	128
740	357
809	742
809	394
809	807
809	599
809	806
809	124
809	749
809	979
809	497
809	657
809	820
809	343
809	783
841	17
841	330
841	322
841	62
841	538
841	639
841	226
841	114
841	666
841	730
372	587
372	6
372	548
372	845
372	659
372	339
372	707
372	541
372	691
341	642
341	289
341	308
341	634
929	915
929	427
929	939
929	298
929	936
929	199
929	726
314	858
314	472
314	425
314	521
314	379
314	651
314	786
314	131
314	737
314	0
314	174
314	132
314	439
388	323
388	569
388	625
388	977
388	97
388	628
388	222
388	376
388	663
388	176
388	993
388	352
388	545
854	214
854	900
854	14
854	584
854	251
854	778
854	124
854	265
854	616
854	965
854	933
854	799
854	436
854	354
617	514
617	836
617	177
617	909
617	925
617	301
617	307
617	898
742	918
742	977
742	954
742	678
742	884
742	272
742	183
742	319
742	630
233	580
233	118
233	557
233	568
233	83
233	865
233	527
233	697
233	659
233	232
233	198
233	488
284	214
284	200
284	550
284	55
284	516
284	952
284	61
284	413
284	158
284	860
284	587
284	522
374	741
374	509
374	387
930	492
930	450
930	330
930	82
930	978
930	469
930	850
930	68
930	934
930	367
930	931
930	955
930	377
930	894
930	106
930	479
930	734
930	778
930	379
930	8
930	285
930	511
930	877
930	991
930	392
930	843
930	73
930	816
930	590
930	619
930	275
930	420
101	559
436	814
436	569
436	512
436	29
436	505
103	535
103	128
103	919
103	474
103	220
17	899
17	694
17	623
17	903
17	86
17	602
17	453
17	369
17	782
17	62
17	2
17	647
17	228
17	378
17	824
17	254
17	350
17	907
936	220
936	114
936	181
936	562
936	693
686	505
686	511
686	622
686	553
686	546
686	949
686	262
686	178
686	156
993	905
993	380
993	656
993	53
993	715
993	496
993	331
993	357
993	474
993	98
918	503
918	814
918	76
918	629
918	505
918	846
918	974
918	928
918	759
918	997
918	88
918	303
918	429
918	636
918	47
511	888
511	31
511	583
511	822
511	88
511	945
511	894
511	559
511	479
634	104
634	559
634	205
634	230
634	203
634	118
634	241
634	510
966	98
966	186
966	469
966	877
966	554
966	673
966	510
966	461
966	421
966	476
179	285
179	887
179	642
557	470
557	185
557	726
557	366
557	265
557	874
557	425
557	937
557	32
557	616
317	218
317	471
317	857
317	571
317	262
317	939
317	155
317	875
317	820
317	911
837	963
837	812
837	472
837	364
837	773
261	474
261	406
261	522
261	563
151	474
151	448
151	59
151	819
151	606
151	908
151	131
151	631
151	28
151	224
151	110
151	793
65	474
65	178
65	915
65	148
65	206
65	464
65	338
65	478
65	275
65	749
569	331
569	783
569	118
569	443
569	416
569	751
569	220
569	825
569	619
569	6
569	470
569	484
569	26
569	920
569	201
569	40
569	892
569	255
569	730
569	713
569	959
569	805
569	476
569	577
569	67
569	200
569	948
569	432
569	382
569	616
569	1
955	356
955	220
955	96
955	488
955	155
955	585
955	74
955	293
955	500
955	662
955	976
955	338
955	315
955	478
955	445
102	299
102	783
102	594
102	450
102	189
102	377
102	807
102	64
102	467
102	660
102	166
102	737
102	424
102	172
102	967
102	11
102	136
102	115
102	385
102	823
102	884
599	687
599	924
599	85
599	81
599	184
700	373
700	432
700	523
700	379
700	639
700	154
700	950
700	974
700	134
700	358
700	957
700	855
700	287
700	25
700	803
700	896
700	83
619	683
619	318
619	743
619	894
619	975
619	864
619	715
619	272
619	193
619	982
619	546
619	182
619	728
619	583
619	166
619	123
619	687
619	553
619	668
619	664
619	202
619	892
157	135
157	432
157	216
157	62
157	108
157	479
157	843
157	581
157	286
157	215
157	654
157	489
157	137
157	977
157	591
459	323
459	94
459	110
459	768
459	34
459	877
459	192
188	300
188	976
188	298
188	839
931	137
931	731
931	208
159	393
159	105
159	595
159	394
159	810
159	858
387	917
524	210
524	598
524	578
524	764
524	982
919	531
919	133
919	345
919	303
666	912
666	840
666	269
666	703
666	349
666	962
666	362
666	368
666	333
706	548
706	541
706	99
706	57
870	556
870	965
870	47
870	555
870	290
870	331
870	371
870	445
834	251
834	172
834	583
834	537
834	43
834	735
834	343
834	811
834	414
834	897
655	681
655	597
655	705
655	991
655	434
655	429
655	503
655	959
558	320
558	274
558	57
558	275
558	564
558	577
558	584
558	136
558	110
558	672
558	172
558	327
574	393
574	46
574	505
574	39
574	257
574	311
574	510
574	186
574	118
237	125
237	358
237	885
237	668
237	514
237	189
237	217
237	836
237	896
237	300
245	500
245	408
245	697
245	354
245	441
245	123
245	719
245	301
245	722
489	148
489	394
489	653
489	329
489	85
489	777
489	75
489	581
489	578
489	200
489	862
256	342
256	540
256	288
256	900
256	375
256	61
899	474
899	887
899	867
899	60
899	940
899	567
899	205
899	243
66	0
66	912
66	377
66	135
66	501
130	469
130	877
130	242
130	739
130	424
130	122
130	798
108	711
108	765
108	173
108	264
108	641
108	38
108	230
108	241
108	545
108	160
108	371
897	474
897	783
897	429
897	799
897	656
897	463
897	192
897	263
897	684
897	205
897	430
172	456
172	33
172	748
172	552
172	444
289	479
289	999
289	56
289	61
289	171
804	432
804	620
804	729
804	840
804	556
804	91
804	868
804	771
681	64
681	702
681	163
681	316
127	578
127	402
127	821
127	885
127	714
654	174
654	491
654	86
654	80
654	269
654	9
13	231
13	194
13	862
13	469
13	58
13	589
13	758
13	53
242	322
242	561
242	82
242	367
242	691
242	306
242	675
242	402
242	55
242	471
6	399
6	285
6	38
6	141
6	424
6	948
6	0
594	801
594	807
594	327
594	409
594	383
594	860
594	286
594	904
594	895
594	965
594	335
594	80
978	128
978	204
978	121
978	715
978	893
978	501
978	238
978	88
978	961
978	69
978	305
978	434
978	53
653	713
653	500
653	385
653	220
653	525
820	330
820	81
820	942
820	68
80	749
80	718
80	848
80	467
80	4
80	122
80	30
86	287
86	181
86	279
86	775
86	55
86	559
31	398
31	649
31	855
31	184
31	213
31	607
813	367
813	457
813	530
813	509
813	819
813	532
311	873
311	212
311	823
311	380
311	521
311	378
924	775
924	997
924	122
924	947
924	892
924	266
435	991
435	370
435	945
435	499
435	596
435	921
435	751
435	728
435	241
435	760
435	953
435	894
435	316
435	949
778	148
778	298
778	49
778	96
778	135
713	369
713	963
713	702
713	760
713	588
713	996
713	718
413	323
413	190
413	549
413	358
413	858
581	400
581	180
581	316
581	529
581	517
581	193
581	409
220	963
220	307
220	398
220	414
220	430
220	12
220	677
379	604
379	875
379	239
379	60
379	631
379	737
379	204
587	801
587	96
217	620
217	112
217	857
217	923
445	257
445	441
445	786
445	651
445	728
960	751
960	425
960	8
960	534
960	430
960	923
960	3
960	550
887	16
887	432
887	625
887	677
887	265
887	140
887	76
887	306
887	523
887	679
643	814
643	949
643	974
643	964
643	122
801	474
801	539
801	915
801	637
801	598
801	503
801	565
801	126
801	450
801	422
801	116
801	849
801	118
801	757
801	867
801	443
801	394
801	715
160	168
160	406
160	649
160	759
160	368
767	449
767	665
767	884
767	119
767	702
767	165
767	60
767	475
702	178
702	559
702	181
702	441
702	917
142	950
142	753
142	136
142	749
142	797
668	853
668	375
668	556
668	407
668	78
985	418
985	881
985	773
985	303
985	831
985	177
463	683
463	91
463	203
463	175
463	326
463	825
463	47
531	963
531	331
531	614
531	216
531	208
531	679
531	597
851	199
851	753
851	320
851	554
346	550
346	54
346	345
346	953
346	853
346	466
346	750
346	259
346	863
346	112
765	63
765	811
765	71
765	73
464	743
464	652
464	770
464	170
464	916
464	547
464	422
464	189
367	460
367	981
367	352
367	947
367	894
367	835
367	204
367	589
367	231
794	269
794	205
794	835
794	303
794	340
794	472
627	964
627	480
627	421
627	481
627	768
627	848
627	116
627	856
627	758
302	356
302	546
302	707
227	125
227	293
227	508
227	945
350	474
350	900
350	743
350	568
350	525
350	729
814	343
814	331
814	958
814	592
814	199
814	962
814	694
814	330
814	883
814	334
814	532
814	56
814	195
814	97
814	164
814	662
814	647
814	729
859	417
859	200
859	750
859	499
859	197
859	257
859	951
428	323
428	216
428	907
428	591
428	0
428	450
364	638
364	430
364	926
364	508
364	691
764	106
764	286
764	842
764	503
764	216
764	860
764	704
764	465
533	73
533	693
533	110
533	675
533	685
968	85
968	539
968	204
968	48
968	760
968	555
968	752
968	394
244	183
244	873
244	267
244	433
828	451
828	7
828	200
828	869
828	479
828	684
828	408
828	240
828	105
828	883
828	97
828	319
890	420
890	610
105	753
105	495
105	971
105	203
105	705
105	752
105	222
589	443
589	861
589	75
589	595
589	257
589	109
589	110
589	665
269	250
269	458
269	14
637	11
637	77
637	333
637	117
637	214
183	263
183	753
183	262
183	495
183	196
183	743
183	15
183	548
183	649
183	812
183	115
83	775
83	903
83	139
83	430
561	404
561	940
561	241
561	920
906	354
906	949
906	879
906	128
906	444
906	583
906	609
906	660
906	146
906	131
906	722
14	393
14	910
14	398
14	303
14	990
14	505
14	717
14	504
14	920
991	879
991	370
292	763
292	114
292	660
292	613
803	352
803	694
803	21
240	588
240	728
429	494
429	714
429	857
429	451
222	72
222	810
222	525
222	404
869	330
869	775
869	618
319	165
319	576
319	961
974	373
974	29
974	616
974	36
974	947
974	802
974	204
974	539
974	168
209	231
209	848
209	423
209	368
209	417
209	496
209	266
407	334
407	398
407	796
407	529
630	76
630	383
630	4
630	417
630	44
630	885
478	133
478	420
478	271
478	176
478	949
944	757
944	198
944	409
944	155
944	739
114	875
114	977
114	396
114	69
114	439
705	384
705	185
705	71
705	193
224	55
224	658
224	933
224	937
224	896
224	492
667	138
667	932
667	940
2	768
2	786
2	879
2	375
2	508
2	174
2	588
2	911
602	264
602	422
602	578
602	708
685	94
685	939
685	112
685	69
685	776
685	229
685	703
685	791
375	831
375	180
375	170
549	394
549	8
549	265
549	214
691	334
691	873
691	267
691	158
691	840
509	712
509	967
509	458
509	398
509	318
509	366
509	53
830	59
830	199
830	757
830	755
830	721
830	534
830	583
830	678
830	754
830	378
830	633
830	169
830	62
830	542
830	376
672	732
672	934
672	577
672	488
672	708
672	71
672	806
672	74
455	268
455	939
455	525
455	711
455	434
455	113
455	656
455	182
455	573
683	11
683	393
683	737
683	327
683	447
683	185
683	714
683	760
683	84
683	500
683	726
683	488
683	56
683	904
683	973
293	225
293	216
293	470
293	738
293	736
384	539
384	512
384	965
384	133
384	614
384	912
384	432
384	163
384	770
831	861
831	975
831	355
831	235
973	647
973	434
973	298
973	382
973	203
973	356
973	893
849	797
849	696
330	171
330	694
330	623
330	72
330	213
330	799
330	984
330	469
330	167
330	23
330	731
330	417
330	421
164	770
164	774
164	497
652	477
652	730
652	208
652	184
652	266
807	163
807	556
807	963
807	138
807	12
807	941
807	234
807	243
121	405
121	149
121	788
671	133
671	730
607	763
607	141
607	535
607	815
607	818
607	281
979	747
979	692
979	340
979	811
998	939
998	24
998	427
998	898
998	202
998	93
998	675
998	789
998	816
810	656
810	466
810	965
810	575
810	448
63	513
63	290
548	642
548	402
548	976
548	230
548	746
548	201
342	903
694	563
694	679
694	366
694	356
694	623
694	903
694	889
177	690
177	523
177	950
177	274
177	196
719	977
719	54
266	0
266	29
266	46
174	492
174	644
174	198
174	356
522	47
522	821
522	503
522	477
522	340
522	799
163	331
163	382
163	981
163	546
163	439
163	716
741	961
741	518
741	273
741	512
741	300
741	606
741	228
425	625
425	75
425	722
425	117
425	343
425	493
425	950
425	73
232	492
232	326
232	162
232	456
696	636
696	24
696	138
696	125
696	857
842	822
842	1
542	939
542	462
542	546
290	272
290	755
290	986
560	474
560	516
560	376
560	953
560	909
560	354
149	647
149	82
149	201
149	609
149	738
149	449
149	422
149	758
149	230
143	876
143	94
143	571
143	104
143	853
728	940
728	718
728	458
728	590
728	67
728	782
59	865
59	625
59	868
59	677
156	358
156	131
156	389
156	274
156	623
156	447
156	185
711	323
711	265
711	945
863	228
863	75
863	82
863	703
863	235
254	99
254	556
254	514
254	787
158	141
158	684
158	770
158	456
158	230
739	678
739	798
739	457
739	747
739	735
641	726
641	911
641	418
641	678
641	168
641	300
641	811
908	920
658	521
658	46
658	793
658	71
658	684
658	326
658	732
658	389
658	76
170	331
170	186
748	562
748	38
748	940
748	426
748	11
748	327
552	180
552	339
461	819
461	251
461	873
461	274
461	69
461	977
461	308
461	34
646	334
646	469
646	168
646	112
646	867
564	732
564	840
564	82
564	288
564	368
564	362
564	639
564	480
564	986
564	87
564	629
564	843
564	216
564	649
635	515
635	447
635	334
635	818
635	50
635	604
635	38
635	117
635	64
635	541
416	866
416	556
416	963
416	815
416	321
416	879
416	516
416	35
416	378
763	983
763	468
763	625
763	471
763	154
763	651
763	465
763	351
763	305
763	959
763	417
763	16
763	661
763	928
751	98
751	738
751	883
751	363
751	932
751	953
751	141
751	872
751	912
751	885
751	701
751	93
432	900
432	450
432	376
432	623
432	434
432	146
432	394
432	883
432	9
432	787
432	396
432	639
883	98
883	431
883	377
883	746
883	32
883	338
883	791
883	54
826	939
826	611
826	629
826	673
625	559
625	141
625	1
625	614
625	25
625	477
625	610
914	54
914	500
914	980
914	512
914	873
197	450
197	228
197	137
197	925
768	180
768	475
768	21
768	426
768	736
768	707
949	382
949	660
949	95
949	100
949	327
949	404
949	845
615	76
615	721
615	731
615	665
615	984
537	321
537	234
516	981
516	720
516	8
516	398
146	139
146	920
146	216
146	423
146	665
146	597
146	556
146	528
999	948
999	377
999	58
999	444
999	336
999	692
885	248
885	583
806	449
806	943
806	316
532	52
532	818
11	474
11	588
11	431
11	199
11	962
11	144
11	519
11	198
11	112
200	499
200	420
200	674
200	958
200	279
731	479
731	85
731	642
731	71
934	426
934	5
934	166
934	886
925	34
925	984
925	124
925	168
925	44
925	110
546	592
546	180
546	556
546	433
546	404
546	100
546	512
546	912
546	726
546	135
546	320
551	893
551	117
551	754
551	171
693	793
693	138
693	23
693	336
693	15
693	184
693	583
693	588
693	69
858	545
858	363
229	606
229	154
229	614
229	554
229	265
477	62
477	856
477	349
840	503
840	967
840	891
840	267
840	316
840	657
840	335
333	787
333	212
333	426
333	323
903	385
903	184
903	373
903	467
277	327
277	523
277	132
277	300
277	185
277	829
418	521
418	576
418	782
707	373
707	255
707	959
707	746
707	281
707	391
707	137
707	491
707	393
707	57
474	916
474	48
474	498
474	61
474	115
474	214
474	357
474	16
474	343
474	94
474	234
474	331
474	886
474	492
474	958
474	113
474	572
474	316
474	612
474	796
474	51
474	725
738	206
738	82
738	298
738	665
738	836
738	96
738	126
738	49
738	40
165	626
165	394
165	822
165	505
690	499
690	123
690	288
690	338
755	117
191	915
191	893
191	15
191	497
191	773
191	750
371	141
371	308
371	137
371	334
371	53
371	747
208	77
208	912
208	649
208	835
354	649
354	248
354	620
354	288
354	753
515	900
515	773
515	77
515	951
515	673
562	316
562	753
562	540
562	231
357	865
357	97
357	893
323	916
323	539
323	743
323	620
323	55
323	257
323	380
836	921
836	802
836	419
977	382
977	535
977	414
977	77
977	816
977	112
977	336
25	591
25	987
25	957
25	816
25	879
25	212
141	203
141	394
141	715
141	182
141	15
141	992
141	633
572	743
572	117
572	77
572	811
572	168
572	687
797	921
797	406
797	678
797	495
712	52
712	176
712	770
712	876
563	900
563	469
399	204
399	122
399	480
399	119
399	746
399	896
399	720
399	334
399	181
399	519
584	62
584	404
584	720
499	791
499	760
984	286
984	943
984	940
984	334
268	523
268	588
476	963
476	982
476	665
514	115
514	621
514	543
514	601
514	173
514	657
514	687
322	578
322	368
322	72
322	622
453	29
453	62
453	611
453	872
453	306
453	604
453	451
453	472
453	444
453	894
453	986
453	649
168	180
168	568
168	920
168	952
521	434
521	279
521	26
521	119
521	380
263	124
263	51
263	730
263	230
263	479
111	576
111	614
4	877
4	496
4	210
134	722
996	556
996	398
996	534
996	404
996	732
996	784
898	891
898	920
898	198
898	279
441	193
441	64
441	287
417	175
251	366
251	185
251	340
251	32
132	230
132	74
132	971
132	633
774	626
774	782
774	460
774	125
647	377
647	51
647	186
202	583
202	987
202	484
202	336
202	586
573	839
573	470
479	116
479	356
479	389
479	271
479	770
479	56
73	829
73	0
271	875
271	144
271	91
271	590
271	592
79	610
79	21
79	613
79	118
79	355
298	483
298	775
298	860
298	631
470	616
470	140
621	331
621	715
621	303
621	547
621	651
621	299
597	937
597	235
597	595
597	865
597	895
185	951
185	110
185	169
185	766
734	659
734	377
734	920
734	409
155	577
155	528
155	618
155	234
155	118
952	299
952	67
952	264
952	195
952	5
952	971
382	281
405	543
405	945
405	468
169	819
169	196
169	1
169	868
169	802
169	891
169	881
818	44
818	259
818	457
818	426
818	471
818	228
171	331
171	963
171	556
171	976
171	633
171	980
171	791
171	811
171	49
171	874
324	791
324	53
324	758
324	50
324	122
517	239
517	262
517	788
517	580
517	845
517	318
517	21
704	335
704	736
704	846
704	753
704	393
704	945
932	484
932	601
932	839
932	519
932	235
932	824
932	529
932	308
402	754
402	909
402	368
675	393
675	214
675	791
714	610
714	106
714	52
971	498
971	661
971	472
971	228
971	100
971	415
971	154
971	749
588	419
588	72
588	958
539	497
539	444
539	3
338	590
338	273
338	957
338	674
8	286
8	970
8	687
8	777
556	216
556	215
556	176
556	720
556	287
556	771
556	500
556	950
500	493
500	219
500	941
500	7
500	815
500	26
500	618
500	331
500	404
500	770
500	238
787	865
787	735
409	541
409	368
259	782
259	373
259	503
259	431
970	907
970	519
970	987
970	279
970	241
865	27
997	81
729	126
729	622
729	791
729	257
729	44
729	383
100	199
100	363
100	48
122	598
122	759
122	595
122	893
122	811
355	905
355	843
355	586
355	118
491	135
491	921
491	601
491	889
547	892
547	701
547	383
547	93
547	657
547	433
547	875
547	963
547	265
547	510
380	721
380	917
523	215
523	231
175	331
175	796
175	178
175	543
175	253
423	983
423	327
423	137
423	303
423	492
423	777
423	612
285	480
285	12
285	528
285	796
591	651
591	856
591	821
591	95
601	753
99	248
99	798
99	770
99	253
69	53
69	71
69	541
69	362
872	148
872	850
872	226
872	184
872	206
16	125
16	798
16	746
16	140
16	38
61	178
61	144
61	592
61	900
61	110
61	307
61	85
225	753
497	40
497	815
497	54
497	892
497	972
29	753
29	205
29	273
29	529
550	136
550	471
550	815
550	424
550	462
450	443
450	965
450	190
450	730
450	308
396	945
396	176
396	214
396	383
875	716
875	35
875	71
875	113
87	819
87	378
87	248
373	855
349	113
349	783
349	414
349	527
349	876
876	462
876	530
876	543
876	257
876	921
481	264
481	51
481	326
644	701
644	299
644	0
644	467
644	331
644	933
288	661
288	94
288	213
957	677
957	394
957	541
900	439
900	140
900	154
443	659
443	394
443	243
443	144
443	431
443	140
216	866
216	140
216	895
216	238
216	992
216	34
51	656
51	950
51	21
51	483
895	559
895	301
895	243
5	194
5	85
5	96
5	457
5	231
5	812
5	420
5	799
555	253
555	614
975	303
975	788
975	264
975	358
657	74
657	567
657	260
657	117
657	679
213	180
213	727
213	614
213	404
213	680
195	776
195	131
195	786
195	943
915	642
915	799
915	659
915	703
915	483
915	701
915	203
915	721
241	318
241	889
241	703
241	941
210	401
210	391
210	204
210	433
606	963
606	770
606	909
606	926
606	958
606	784
255	559
255	951
610	57
610	553
610	576
610	664
610	791
610	404
610	958
610	543
610	495
631	33
631	326
631	50
631	235
631	504
631	300
444	501
444	992
444	527
109	98
109	439
109	447
109	148
469	320
469	846
469	746
469	329
469	53
469	590
469	909
469	881
469	430
469	118
469	469
805	933
805	980
805	75
805	950
857	583
857	754
857	315
857	937
78	406
78	596
78	759
78	749
78	659
953	981
953	301
88	941
88	368
88	623
196	465
196	545
196	982
196	879
196	519
196	60
995	750
995	843
995	673
138	538
138	203
138	180
138	85
138	703
67	3
67	760
67	176
660	622
660	819
967	431
967	219
243	1
243	238
243	475
243	783
243	198
673	986
673	829
673	231
674	162
674	393
962	508
962	366
962	758
896	824
896	893
424	27
424	754
133	422
133	385
133	198
133	721
133	614
133	776
133	383
133	7
133	462
133	248
133	892
771	937
771	534
771	816
771	308
468	205
468	891
468	49
468	622
877	369
877	377
877	398
877	680
877	219
877	496
877	306
504	823
275	267
275	52
275	378
12	595
12	192
12	378
12	93
783	923
783	568
783	36
783	868
783	362
316	939
316	843
316	715
316	456
186	718
186	414
186	496
732	415
732	884
732	864
385	874
385	888
385	82
642	115
642	430
642	884
642	798
642	529
642	766
642	465
642	199
642	315
784	434
784	321
784	688
784	494
784	874
784	983
7	94
7	595
7	370
7	369
861	33
861	519
861	456
861	327
861	839
104	496
104	864
104	680
939	775
939	909
939	824
135	747
135	868
752	575
752	81
752	64
752	554
434	44
434	203
434	942
162	46
162	722
162	746
604	363
604	32
565	331
565	937
392	577
392	250
638	472
638	239
638	839
119	74
119	701
119	815
377	154
737	629
737	802
38	44
519	394
519	911
866	886
866	206
866	950
866	320
82	940
82	716
82	976
82	662
376	406
376	928
391	543
391	303
391	910
391	559
391	68
318	492
318	180
318	287
318	663
318	438
318	34
318	687
891	586
891	194
983	720
983	948
980	571
980	257
427	238
427	758
370	943
656	98
656	260
656	15
688	612
688	475
688	62
688	368
688	518
50	32
50	30
578	753
492	948
492	336
492	439
492	76
492	576
873	27
873	626
873	992
230	527
230	775
230	467
230	52
230	747
230	125
848	703
848	525
848	753
848	439
868	85
868	498
789	986
789	1
789	937
692	279
692	352
231	95
231	860
231	420
231	943
231	40
231	540
231	419
231	612
231	462
363	911
192	95
886	426
886	248
116	766
116	928
180	331
180	401
180	743
180	845
180	585
180	623
180	721
180	620
864	590
864	64
864	467
864	576
864	15
888	167
888	923
892	383
892	203
892	351
892	84
892	128
892	853
892	27
892	493
892	43
937	799
937	776
937	912
727	679
727	234
981	257
981	513
963	553
963	850
963	717
963	279
963	735
963	894
963	173
626	947
626	598
910	47
910	661
910	279
910	248
889	181
889	754
889	760
889	501
889	679
47	279
47	335
257	518
257	525
257	912
926	466
926	166
926	664
786	811
786	951
786	30
786	703
786	799
786	904
786	911
786	321
394	940
394	923
394	483
394	484
394	106
124	93
124	933
124	586
749	60
749	39
749	525
749	308
62	419
62	286
62	506
62	281
62	203
62	126
538	677
538	538
639	559
639	543
639	281
226	947
845	181
845	64
845	358
845	611
845	680
659	629
659	972
659	472
659	506
659	250
659	753
339	510
339	181
339	982
339	816
339	286
472	239
472	253
97	855
97	488
97	941
97	279
97	701
97	651
628	663
628	203
628	824
628	964
628	301
214	299
214	708
214	81
214	212
214	860
265	835
265	815
265	577
616	0
616	819
616	545
616	839
965	212
301	788
301	447
301	893
301	218
954	884
954	398
678	315
678	75
678	15
678	303
884	189
580	48
580	81
580	39
118	736
568	415
568	904
568	351
527	798
527	300
527	462
55	687
55	327
850	228
850	862
850	198
850	677
68	449
68	708
894	393
894	920
106	27
106	414
843	636
816	307
816	30
590	56
590	677
559	940
512	708
512	941
512	992
512	305
535	506
128	383
128	279
623	530
623	776
623	554
369	98
369	320
369	248
369	611
369	77
369	419
369	144
782	796
228	234
378	57
378	846
824	193
824	912
505	541
622	43
622	91
553	598
553	750
905	94
905	496
905	951
905	181
905	366
53	661
503	821
76	422
76	633
76	39
76	76
629	327
629	401
629	609
846	419
846	96
846	958
846	203
846	358
928	260
928	661
759	336
759	95
759	421
759	708
759	281
583	777
583	753
583	986
583	353
822	855
822	201
98	48
98	618
98	267
98	722
98	126
98	651
554	920
554	730
554	408
510	33
510	44
421	480
218	115
218	91
218	611
218	933
471	33
471	665
471	94
471	649
571	27
571	586
571	618
262	126
262	793
812	853
812	501
812	987
812	613
406	368
406	990
406	791
448	725
819	679
819	796
819	281
819	219
819	113
178	167
178	853
178	56
178	904
178	362
178	855
178	716
178	860
148	829
206	743
206	420
206	408
331	334
825	32
825	43
825	947
484	853
26	351
26	49
26	721
920	466
920	415
201	770
40	743
40	618
40	466
730	736
730	438
356	596
356	393
96	260
96	525
488	49
488	917
488	943
585	757
585	921
585	335
74	173
74	612
74	757
662	77
662	24
189	234
189	613
189	362
64	22
467	483
467	534
467	451
467	743
467	358
166	362
166	791
687	439
687	340
687	287
154	326
950	612
950	71
358	798
855	352
855	219
743	184
743	618
715	534
715	0
715	352
715	366
272	239
272	462
272	677
193	717
982	912
982	449
982	393
982	351
982	680
182	94
182	498
182	282
182	665
123	874
123	528
123	490
664	398
664	24
664	456
664	933
286	595
286	353
286	917
286	456
300	113
300	336
300	264
300	465
137	414
137	345
137	598
393	498
917	408
917	362
345	334
912	726
912	947
43	279
43	77
43	964
320	651
320	248
320	708
274	456
57	462
57	44
57	972
57	27
46	543
46	404
39	447
39	326
39	199
125	665
125	28
125	81
125	48
408	501
697	462
697	113
697	598
329	986
85	701
540	867
540	649
867	426
867	620
0	144
173	529
173	525
173	703
173	32
264	93
456	113
456	541
33	126
33	181
620	498
821	176
194	167
306	770
306	340
306	753
306	431
327	336
904	534
904	721
204	415
204	267
893	315
501	91
501	398
501	835
501	351
81	438
81	907
718	543
718	248
718	144
181	28
181	788
181	75
181	308
181	3
279	34
775	490
775	726
398	612
398	677
398	308
457	9
212	60
212	75
212	431
945	451
945	592
596	530
921	136
921	947
49	112
49	321
760	802
760	234
190	498
190	91
400	916
400	27
400	438
400	305
307	494
307	972
239	720
239	30
239	95
60	720
60	401
677	493
677	95
677	508
140	586
140	368
964	113
964	438
598	766
598	282
757	198
757	720
449	144
853	334
853	72
881	433
91	22
91	770
91	315
91	495
91	839
203	27
460	679
460	466
460	518
352	433
835	131
508	829
508	766
343	513
343	420
343	28
958	992
592	777
592	708
334	708
334	490
334	414
56	389
907	770
907	874
451	916
684	238
420	235
420	530
495	777
495	788
495	703
250	663
250	541
250	71
250	282
458	829
458	248
77	651
117	586
879	777
303	725
990	438
990	750
990	219
990	176
72	839
72	84
802	726
802	595
198	144
94	305
721	736
721	30
721	595
754	48
708	35
71	941
84	717
84	788
799	465
770	856
770	911
747	665
747	438
747	758
747	651
513	823
513	758
513	716
513	651
513	465
976	611
976	176
679	986
366	27
54	829
54	340
439	823
961	253
961	23
75	586
722	95
722	235
722	796
326	336
326	48
326	465
636	113
609	235
609	48
940	22
940	248
940	735
940	951
131	701
131	490
131	238
793	28
368	466
362	862
815	796
815	758
321	661
321	829
651	110
465	788
351	466
9	35
9	34
9	475
431	95
746	933
746	389
746	839
1	951
1	389
475	725
475	586
21	336
21	777
21	35
426	483
95	3
95	389
139	273
665	766
665	720
52	273
34	389
433	766
433	530
404	541
545	618
545	273
856	829
916	613
916	22
48	44
498	315
498	234
498	518
15	942
308	525
992	972
176	335
340	282
389	281
389	735
543	951
44	796
613	612
613	933
315	260
110	415
110	680
110	735
305	28
336	758
612	633
618	466
618	490
267	823
260	282
661	528
415	496
766	717
703	493
701	972
736	281
736	93
496	575
496	23
874	525
401	717
633	911
663	281
663	238
438	281
238	911
541	273
735	136
253	788
253	219
776	862
776	490
716	942
219	23
353	23
23	518
933	528
30	942
506	942
911	862
93	490
